1000
41 12 92
17 53 33
6 57 10
8 59 6
63 53 74
66 26 38
94 7 87
36 67 58
16 97 9
61 87 41
55 94 1
67 95 83
57 87 8
20 46 63
5 47 9
79 31 94
55 77 36
90 48 65
75 79 54
100 97 2
34 21 80
58 18 38
87 47 83
35 9 73
3 96 47
71 75 25
39 43 22
20 2 14
32 47 87
83 83 38
8 47 90
19 80 12
57 14 13
22 88 73
90 69 60
18 66 28
21 57 20
4 99 34
60 2 68
9 70 2
6 10 20
7 84 22
21 1 14
82 87 30
25 24 95
97 37 34
82 93 96
97 87 65
8 90 85
68 76 65
82 32 14
58 90 100
73 35 23
97 58 73
58 12 24
63 43 23
39 72 57
91 10 57
77 67 94
97 88 98
55 84 13
50 82 26
48 100 7
82 98 10
31 30 58
83 15 78
13 66 1
100 68 14
62 18 5
84 74 99
61 29 41
0 55 55
50 36 93
98 100 65
94 54 91
30 83 16
33 6 28
67 45 63
42 8 52
70 70 72
51 16 84
77 76 20
34 74 94
87 66 72
47 39 84
21 94 36
84 69 3
54 7 5
54 84 77
33 60 68
57 38 52
89 11 13
34 15 71
65 88 97
27 61 19
34 98 65
86 15 32
5 97 10
79 40 83
79 70 92
85 68 41
56 44 57
91 48 60
77 46 25
38 3 52
41 87 80
8 44 91
53 97 9
71 52 15
23 58 58
41 32 82
24 26 19
57 61 15
72 17 12
0 71 40
68 23 92
16 74 2
36 69 53
66 75 25
52 90 42
52 71 98
79 69 11
23 70 19
67 54 42
58 91 89
28 53 36
93 28 75
44 68 69
84 98 55
91 61 19
38 15 17
93 73 82
88 27 3
63 42 23
54 70 59
7 33 36
18 82 44
3 22 39
68 88 23
20 56 46
25 17 18
93 5 46
88 98 52
38 18 74
93 37 34
38 42 11
4 84 60
33 35 34
10 32 14
13 42 34
74 76 22
53 48 15
74 27 60
97 69 86
47 88 70
53 52 65
21 99 3
64 16 62
91 9 77
16 10 4
5 4 81
2 32 95
85 55 91
43 58 83
96 44 13
69 44 38
73 100 14
11 83 30
84 18 41
15 28 37
10 5 43
100 66 13
30 41 28
23 89 93
25 12 74
83 39 80
1 81 66
2 36 39
25 76 48
73 29 39
98 80 87
20 28 98
37 3 58
69 77 100
14 10 10
79 6 30
49 79 11
77 41 62
14 81 78
61 11 30
76 70 22
55 37 9
52 68 11
56 91 37
74 13 7
18 22 25
91 41 56
66 15 25
6 33 77
54 84 33
47 71 80
60 4 61
11 45 87
7 72 10
60 81 83
1 54 73
67 60 11
99 99 99
93 6 84
64 70 73
23 7 39
17 17 24
23 68 11
5 36 8
25 40 82
51 76 26
66 17 16
29 72 80
77 89 85
54 99 95
95 52 21
30 94 18
37 56 98
95 11 94
71 28 11
50 22 86
32 96 39
39 62 18
2 100 54
74 73 98
11 99 88
49 34 10
76 41 73
5 21 40
10 33 21
28 95 98
99 10 38
13 99 9
61 71 58
51 9 46
100 6 94
45 12 15
3 53 40
53 66 72
100 89 76
57 58 89
37 73 10
34 92 25
70 57 74
77 97 48
81 40 43
61 38 36
52 39 2
79 94 60
38 4 40
79 4 33
30 15 68
85 73 70
47 52 75
61 56 2
13 15 75
98 38 32
12 33 57
22 95 30
48 16 37
28 46 55
42 62 90
48 52 2
14 98 61
56 82 23
20 94 40
12 71 89
14 12 58
96 95 29
8 87 8
55 94 27
80 74 70
53 92 12
46 4 73
15 72 4
97 82 93
78 3 72
14 89 2
100 55 38
58 58 81
81 3 94
23 7 3
25 61 69
38 18 100
64 85 30
61 18 70
2 96 76
46 38 10
25 63 58
4 79 33
41 9 44
12 8 16
30 74 67
79 48 76
6 26 84
28 58 46
46 100 80
36 64 15
19 23 85
75 63 74
84 26 67
74 3 72
8 61 3
28 1 34
38 20 36
33 70 76
46 60 87
57 76 73
27 56 28
15 81 62
94 75 65
56 80 4
29 81 85
49 35 2
27 81 7
96 55 72
98 22 42
100 37 76
0 92 67
7 38 80
22 14 70
40 47 81
95 22 15
68 88 5
47 1 94
80 32 67
68 6 13
87 93 35
22 15 99
84 95 42
31 3 8
64 88 26
39 12 84
69 18 21
20 14 88
68 85 59
68 31 60
83 27 46
52 72 19
76 5 76
86 23 47
14 59 83
82 35 76
71 8 8
54 83 44
24 24 77
19 15 33
27 5 38
32 67 10
75 30 25
18 28 91
33 56 65
1 95 53
58 36 22
10 33 33
33 69 55
6 74 32
82 20 52
63 47 47
56 92 59
99 61 22
90 58 66
83 98 82
92 100 81
44 31 91
32 98 7
95 85 81
47 8 15
95 92 84
16 66 92
56 61 7
94 30 1
93 40 71
12 55 55
13 94 70
52 58 41
66 68 37
36 98 27
53 86 23
99 60 89
75 18 61
86 7 52
62 17 79
57 85 91
66 22 24
44 95 98
97 48 53
57 27 68
31 9 91
90 72 20
19 38 41
35 29 87
84 70 75
0 44 99
18 18 95
100 45 18
31 47 82
67 53 15
73 32 97
48 59 23
85 2 99
55 71 19
35 99 22
100 91 42
22 34 52
62 67 78
59 46 2
84 5 4
89 48 39
86 82 81
74 9 58
9 67 78
75 71 84
91 63 85
55 80 45
4 42 74
20 56 69
73 93 3
83 77 15
7 95 21
79 88 11
29 21 89
83 77 98
69 96 3
11 60 98
75 55 81
99 41 62
15 90 92
100 28 10
84 32 46
30 64 56
42 67 86
84 93 54
82 45 77
2 35 88
59 96 91
71 87 7
54 73 68
76 9 32
100 27 67
16 48 34
73 66 59
70 88 73
94 29 61
73 44 1
0 89 69
67 48 15
75 33 74
22 28 37
84 1 80
98 83 39
19 77 72
78 31 43
78 84 95
70 100 38
88 58 41
66 25 14
50 27 13
39 62 100
1 7 59
67 60 99
79 6 20
20 46 23
1 12 64
84 58 56
96 23 25
84 58 8
49 32 95
10 72 100
31 15 100
19 7 99
42 25 39
34 67 6
59 75 48
68 63 40
75 97 59
29 90 66
43 30 26
45 58 33
7 83 47
75 18 15
85 7 21
16 58 42
4 17 11
67 58 20
35 8 16
37 59 59
19 78 93
90 69 64
8 2 87
76 84 67
57 41 42
65 69 32
98 29 77
66 98 21
38 27 52
52 56 84
74 86 67
85 74 65
69 11 77
46 83 61
46 13 25
20 41 6
1 42 57
37 29 63
33 29 79
10 22 55
18 57 73
28 95 81
42 93 63
97 10 17
90 24 63
82 55 91
37 62 67
1 23 57
44 33 42
91 96 80
49 60 88
43 54 4
4 8 40
20 73 91
90 14 81
41 62 75
60 98 27
99 97 98
12 85 59
40 29 19
19 25 7
98 96 13
61 6 25
38 13 25
77 65 16
63 90 6
29 16 45
21 52 78
31 40 41
91 86 25
30 5 55
87 70 20
67 14 93
72 40 83
85 12 5
43 9 84
61 63 52
98 87 25
79 8 72
4 47 5
91 2 12
93 94 28
17 31 57
35 57 4
81 45 30
52 20 71
6 56 93
95 85 18
34 44 91
74 92 31
41 85 26
18 75 8
91 83 54
15 87 67
4 57 29
17 37 79
93 68 55
80 15 95
39 5 38
21 61 42
66 89 30
59 8 29
34 59 57
63 93 100
41 48 10
38 2 57
6 37 12
16 53 10
52 69 42
36 32 85
13 35 36
45 58 69
29 75 87
50 96 59
74 86 76
15 19 12
79 67 41
45 83 96
69 62 92
2 64 93
92 3 36
75 69 6
91 2 11
78 100 69
11 10 80
100 60 84
43 47 33
0 57 27
100 76 79
76 78 55
20 18 1
25 25 97
12 88 91
69 91 72
94 30 5
87 15 84
48 77 79
7 29 86
77 91 2
95 20 58
84 40 70
82 47 30
59 31 96
24 84 57
25 47 39
25 55 35
77 83 58
1 22 6
94 29 22
10 33 56
90 16 86
45 70 62
15 73 20
26 26 94
74 32 14
98 42 24
55 47 53
88 17 100
84 79 64
75 40 70
82 2 69
88 40 84
67 12 75
34 68 35
96 100 18
8 78 93
34 16 89
16 5 23
98 57 37
16 43 68
70 35 42
67 77 35
77 88 1
100 54 94
13 47 81
94 13 95
52 23 15
53 100 79
50 69 97
61 11 97
100 61 33
23 79 47
77 18 99
54 18 72
8 61 41
7 13 7
86 14 22
61 65 100
98 4 46
11 30 40
14 19 22
15 100 82
51 46 69
22 45 39
33 36 11
48 48 69
5 92 68
93 79 38
78 56 13
3 38 18
37 17 62
93 54 6
80 53 38
81 4 75
43 82 22
24 29 11
53 76 77
96 28 17
4 87 25
23 7 57
73 43 35
10 19 4
1 23 28
72 15 93
23 1 19
53 46 81
1 74 53
1 87 21
41 97 68
37 87 64
100 9 27
12 72 15
60 29 94
56 84 29
34 9 32
57 28 81
91 25 16
77 61 9
63 73 6
39 5 87
82 56 91
100 98 41
49 78 52
37 26 33
12 100 82
52 79 95
100 1 1
99 77 4
91 86 32
87 78 17
44 52 32
60 5 38
77 23 24
84 79 48
54 28 31
46 60 37
57 76 70
18 69 54
14 58 26
93 24 72
46 54 18
4 1 83
12 25 45
78 53 78
43 48 99
7 34 65
33 18 17
5 77 3
6 54 76
43 89 76
49 86 5
91 35 47
28 75 45
0 10 42
57 92 78
81 8 37
34 72 48
96 46 59
51 7 31
86 41 9
32 77 66
16 86 46
42 65 78
67 67 62
15 29 66
88 55 34
54 13 86
0 20 21
63 75 34
44 27 57
20 39 43
95 62 96
62 17 11
88 98 54
26 4 85
69 26 21
28 44 77
86 33 83
89 74 71
40 67 34
65 70 12
46 71 15
34 38 11
85 73 67
81 69 83
91 47 20
34 26 6
34 44 71
35 73 75
12 7 78
49 42 78
67 88 33
36 65 62
79 87 63
56 22 38
4 25 17
82 94 57
40 76 92
23 8 13
9 77 77
61 34 14
58 20 22
42 91 58
46 18 82
72 53 57
20 11 46
13 62 100
99 62 71
67 45 84
87 37 94
73 94 45
79 20 6
100 84 72
84 75 56
39 42 75
92 33 47
83 53 23
92 80 87
80 66 44
27 63 72
28 14 70
3 19 75
6 36 66
16 54 82
23 65 87
67 19 16
100 23 20
12 83 57
25 85 66
50 95 41
91 63 31
85 93 63
70 25 2
56 57 34
4 62 87
90 98 72
92 10 71
87 12 14
60 81 24
88 5 55
69 82 83
52 68 7
87 20 40
49 73 97
26 63 84
41 85 37
36 86 34
50 91 58
56 56 52
43 72 63
66 92 12
13 55 55
61 53 3
36 93 63
27 65 77
80 70 89
19 32 19
84 38 75
31 46 91
24 64 84
29 23 13
20 71 63
45 61 96
85 84 21
89 21 73
71 76 48
31 86 25
32 14 83
52 10 20
73 94 6
32 74 85
98 85 38
34 78 21
99 8 47
73 41 26
14 46 40
44 71 96
22 84 76
91 88 3
23 34 79
69 25 52
19 53 6
11 92 53
74 98 45
37 33 18
44 52 32
87 37 39
98 13 29
80 94 17
50 78 61
52 36 12
52 27 39
83 56 97
7 54 41
55 65 61
13 64 55
42 73 40
69 74 98
81 38 96
4 92 13
35 64 17
73 81 29
94 24 53
90 37 82
36 41 40
44 35 57
73 9 85
10 22 75
50 22 62
87 5 14
16 96 54
19 8 1
37 13 100
60 100 78
97 14 17
41 20 71
28 37 95
76 45 72
23 36 86
100 63 3
0 2 42
75 23 60
12 72 83
10 38 38
70 87 37
6 90 18
75 83 75
67 43 20
3 40 45
81 38 43
8 7 32
26 7 46
3 31 48
86 22 44
53 77 48
99 95 91
27 97 67
41 88 72
82 77 39
89 86 90
43 41 16
32 43 54
21 89 97
59 22 76
38 36 53
61 9 64
61 11 61
59 30 95
3 66 73
74 29 63
79 91 11
89 8 11
38 68 94
14 30 25
99 3 95
71 59 9
20 73 83
31 10 68
19 57 99
54 93 10
67 7 97
48 38 28
67 1 56
5 85 97
80 78 67
79 7 62
79 48 79
90 76 61
83 62 4
5 47 66
75 2 67
95 23 15
91 74 34
50 22 39
0 32 79
93 61 47
39 62 19
7 68 97
3 82 67
65 18 82
16 81 80
37 43 86
74 35 91
49 47 74
14 63 94
84 71 12
39 68 98
19 59 93
31 32 20
59 60 85
84 30 23
24 66 29
28 9 52
56 6 32
2 93 86
96 74 56
71 86 34
46 26 68
28 12 87
28 62 38
81 13 32
54 8 62
24 81 77
19 95 1
73 4 82
51 37 95
5 98 52
47 66 45
91 65 22
38 86 11
28 81 52
5 20 37
80 46 30
7 21 17
92 40 17
75 9 23
50 65 61
26 20 90
